latitude: 54.938643706057285
longitude: -110.35322727751391
elevation: 800
tree_height: 10
date: '2024-08-09'
timezone: America/Edmonton
